array([-0.90081027, -0.29318689, -0.90094582, ..., -0.58771629,
       -0.55743304,  0.2292834 ])
array([ 0.03107796,  0.62427533,  0.84115675,  0.21769255, -0.08464425,
        1.29333485,  0.42871813,  0.43520768,  0.62153095,  0.01683435,
        0.9622644 , -0.64722193,  0.36627254, -0.25944228, -0.20286789,
        0.00590385,  1.80195211,  0.04905673, -0.30913834,  0.55615405,
        0.41256231,  0.08779473,  1.05796774, -0.17908503,  0.82047967,
        0.93426688,  0.78194924,  0.75833504,  0.28028209, -0.27785457,
        0.25368132,  0.70523506,  0.78828406, -0.94062773,  0.78056277,
        0.60380127,  0.97810681,  0.7438831 , -0.48383306, -0.16599398,
        0.52433422,  0.60490256, -0.61849151,  0.56486515,  1.55094317,
        0.43990316,  0.22104118,  0.45053101,  0.19735144,  0.2397604 ,
        1.25187938,  0.79050513,  0.09479626,  0.83850048, -0.02781141,
        1.26956641, -0.17117413,  0.59152787,  0.25159719,  1.07605862,
       -0.436986  ,  0.70357718, -0.55533124,  0.57571243,  0.48398682,
        0.5613213 ,  0.17471042, -0.34770729, -0.11422601,  0.09912424,
        0.7149526 ,  0.12769194,  0.07299572,  0.49200645,  0.45325872,
        0.24298238, -0.71975243,  1.06303858,  0.54042779,  1.07230942,
        0.43503561, -0.58366026,  1.34900025,  0.72493431,  0.94767868,
       -0.00122996,  0.70020341, -0.40360947,  0.75844996, -0.18644947,
       -0.63139805,  0.91625368,  0.36725613, -0.17963328,  0.12617864,
        0.97855718,  0.28527012,  0.83823826,  0.30090726,  0.96144702,
       -0.87514121, -0.52952128,  0.46823287,  0.80798731,  0.94455913,
        1.08304102,  0.4515004 ,  0.73931261, -0.36684079,  0.77379437,
        0.54551918,  1.25604784,  1.09030356,  0.60174957,  0.59182335,
        0.1809845 ,  0.56556011,  0.36485754,  0.12113036,  0.87939521,
        0.72939036,  0.34026011, -0.01575071,  0.52529277,  0.6609988 ,
        1.44723173, -0.25584071,  0.07336637,  0.68254822, -0.30198361,
        1.20869339, -0.25225091, -0.46334732, -0.00269657,  0.06209955,
        0.68589085, -0.12301815,  0.91324748,  1.11541364,  1.26215053,
       -0.14148132, -0.85215793,  0.95889484,  0.7199344 , -0.50405613,
        0.93102074,  1.66721937,  0.12736411,  0.14075333,  0.18075366,
        0.37446363,  0.57464972,  0.23130388,  0.78999154,  1.2770075 ,
        0.51110993,  0.92652577,  0.06025398,  0.8857951 ,  0.90530579,
        0.96218497,  0.8809297 ,  0.11590884,  0.99718615,  0.01007928,
        0.15469687,  1.51949407,  0.79855566,  0.43624974,  0.76486845,
        1.18101358,  1.04924029,  0.07396061,  0.13634821,  0.55657285,
        0.65241539,  0.0822174 , -0.27668245,  0.3486792 , -0.56629706,
        0.37901631,  0.67064346,  0.72896453,  0.32484831,  0.77540418,
        1.1630733 ,  0.10234764,  0.65160903, -0.29873009,  0.7251058 ,
        0.79861352, -0.06946049,  0.49157605,  1.11835446, -0.40852501,
        0.10159487,  0.81535201,  0.18833598, -0.18805084,  0.65102255,
        0.77724646, -0.44975704, -0.27994543,  0.68826835,  0.58735037,
        0.41456659, -0.22102708,  0.80041255,  0.7540305 ,  0.25284979,
        0.0928946 ,  0.69673601,  0.78470294, -0.39638986,  0.67615058,
        0.75520165, -0.21762933, -0.01189819,  0.8029549 ,  0.88896824,
        0.26599584,  0.50325411,  0.47655098,  0.23841413,  0.57718323,
        0.7672414 , -0.25143281, -0.07768695,  0.87688502,  0.96511464,
        0.72342936,  0.2587258 ,  0.20128745,  0.57407415, -0.14225347,
        1.05949011,  0.52882554,  0.1418066 , -0.25207951,  0.98728806,
       -0.67805657,  0.42427102,  0.17796602,  1.02831887, -0.39826696,
       -0.19216111,  1.16259013,  0.75455657,  0.05738766, -0.61334831,
        0.15909735,  1.17720004, -0.30231639,  0.13270121,  0.90708448,
        1.16875353,  0.14936472, -0.0238211 ,  0.96671333,  0.57758981,
        0.54897789,  0.16466293])
array([-0.37750289])
